0 0.263423 0.341746 0.028523 0.020784
0 0.294883 0.383610 0.014262 0.036817
0 0.365352 0.404988 0.039430 0.017815
0 0.645134 0.505641 0.021812 0.069477
0 0.621435 0.615796 0.032299 0.022565
0 0.646183 0.583135 0.017198 0.027316
0 0.549916 0.616390 0.032718 0.027316
0 0.491611 0.614905 0.041107 0.024347
0 0.434564 0.614014 0.032718 0.019002
0 0.365352 0.614608 0.035235 0.017815
1 0.211409 0.619952 0.020134 0.062945
1 0.275168 0.622625 0.022651 0.043349
1 0.190436 0.490796 0.051174 0.029097
1 0.145763 0.627078 0.020554 0.026128
1 0.230495 0.367874 0.017198 0.020784
1 0.220638 0.524941 0.014262 0.014252
1 0.355705 0.449228 0.022651 0.033848
1 0.355076 0.484264 0.025587 0.032660
1 0.348364 0.518705 0.023909 0.018409
1 0.375419 0.537114 0.014262 0.021971
1 0.429111 0.537708 0.013423 0.024347
1 0.454698 0.524347 0.021812 0.022565
1 0.469379 0.492280 0.016779 0.028504
1 0.451133 0.421615 0.017198 0.019002
1 0.406040 0.391627 0.023490 0.024347
1 0.477349 0.397862 0.016779 0.032067
1 0.506292 0.395190 0.013423 0.027910
1 0.575923 0.396675 0.012584 0.024941
1 0.519086 0.536520 0.018037 0.024347
1 0.557886 0.538005 0.016779 0.027316
1 0.303691 0.613717 0.019295 0.033848
