0 0.340833 0.352941 0.042125 0.041830
0 0.379129 0.353595 0.022978 0.037908
0 0.425562 0.331373 0.022020 0.022222
0 0.469124 0.351634 0.026807 0.039216
0 0.500718 0.350327 0.026807 0.036601
0 0.544280 0.353595 0.023935 0.043137
0 0.575395 0.352941 0.024892 0.033987
0 0.337003 0.407843 0.045955 0.033987
0 0.378650 0.406536 0.025850 0.033987
0 0.424605 0.379085 0.023935 0.041830
0 0.468645 0.409804 0.029679 0.035294
0 0.501197 0.407843 0.023935 0.036601
0 0.545237 0.409804 0.025850 0.040523
0 0.577310 0.408497 0.026807 0.040523
0 0.337961 0.464052 0.049785 0.041830
0 0.378650 0.462092 0.023935 0.037908
0 0.423169 0.434641 0.019148 0.040523
0 0.469603 0.464052 0.031594 0.044444
0 0.502154 0.464052 0.023935 0.036601
0 0.544280 0.464052 0.025850 0.033987
0 0.575874 0.464706 0.025850 0.037908
0 0.336046 0.516993 0.047870 0.037908
0 0.377693 0.518301 0.029679 0.043137
0 0.422212 0.489542 0.024892 0.037908
0 0.467209 0.514379 0.032551 0.045752
0 0.500239 0.522222 0.025850 0.043137
0 0.543801 0.518954 0.028722 0.041830
0 0.576352 0.518954 0.021063 0.041830
0 0.623743 0.332680 0.020105 0.019608
0 0.622307 0.382353 0.022978 0.040523
0 0.622786 0.438562 0.020105 0.040523
0 0.622786 0.492157 0.023935 0.040523
0 0.669220 0.354902 0.028722 0.043137
0 0.697942 0.355556 0.024892 0.044444
0 0.666348 0.410458 0.026807 0.044444
0 0.698899 0.410458 0.026807 0.041830
0 0.666348 0.466667 0.028722 0.039216
0 0.700814 0.466013 0.024892 0.043137
0 0.666348 0.516993 0.026807 0.035294
0 0.698420 0.520261 0.023935 0.039216
0 0.483485 0.558824 0.051699 0.019608
0 0.566300 0.561438 0.054572 0.016993
0 0.678794 0.560131 0.053614 0.022222
0 0.423648 0.547059 0.037338 0.066667
0 0.622786 0.554248 0.033509 0.086275
