0 0.246304 0.275997 0.028135 0.054938
0 0.238674 0.407129 0.021459 0.046436
0 0.307821 0.452583 0.000477 0.010464
0 0.353124 0.447351 0.019552 0.011772
0 0.430615 0.450294 0.013352 0.007194
0 0.471388 0.446697 0.012876 0.007848
0 0.523367 0.448332 0.008107 0.005886
0 0.538388 0.447024 0.010491 0.003270
0 0.555079 0.448332 0.013352 0.011118
0 0.637816 0.448986 0.011922 0.016351
0 0.670005 0.448986 0.009537 0.012426
0 0.623987 0.239372 0.024320 0.014388
0 0.537434 0.234140 0.014306 0.018313
0 0.471149 0.231524 0.021936 0.022237
0 0.438484 0.234794 0.013829 0.017005
0 0.420124 0.231197 0.013352 0.016351
0 0.377444 0.234467 0.012876 0.020275
0 0.391512 0.236102 0.006676 0.022237
0 0.402957 0.233486 0.010491 0.018313
0 0.337864 0.231524 0.014783 0.041857
0 0.326180 0.233486 0.013352 0.018313
0 0.312351 0.232178 0.012399 0.018313
0 0.657368 0.235121 0.010014 0.016351
0 0.524320 0.536625 0.041488 0.008502
0 0.471626 0.536625 0.039103 0.016351
0 0.419170 0.536625 0.031474 0.016351
0 0.372437 0.535644 0.020982 0.014388
0 0.324034 0.535317 0.038627 0.020275
0 0.574154 0.536952 0.025751 0.011772
0 0.623033 0.537606 0.019552 0.014388
0 0.669766 0.537606 0.038627 0.018313
0 0.247258 0.580118 0.011922 0.040549
0 0.246543 0.655984 0.007630 0.017005
0 0.246543 0.703074 0.013352 0.040549
0 0.312351 0.751472 0.041011 0.017005
0 0.353362 0.747547 0.020029 0.013080
0 0.443014 0.749182 0.019075 0.016351
0 0.474964 0.748855 0.018121 0.014388
0 0.518121 0.749509 0.018598 0.015697
0 0.549356 0.748528 0.020029 0.017659
0 0.640439 0.749509 0.018121 0.017005
0 0.672628 0.749509 0.016691 0.013080
0 0.694087 0.655657 0.009061 0.017659
