0 0.236477 0.339216 0.042125 0.040523
0 0.241742 0.396732 0.044998 0.032680
0 0.241264 0.450327 0.038296 0.035294
0 0.240785 0.505229 0.048827 0.037908
0 0.294399 0.337908 0.020105 0.037908
0 0.328865 0.340523 0.035424 0.037908
0 0.293442 0.393464 0.018191 0.031373
0 0.329344 0.392810 0.038296 0.037908
0 0.295357 0.449673 0.023935 0.039216
0 0.330302 0.449673 0.036381 0.039216
0 0.294878 0.505882 0.022978 0.033987
0 0.329344 0.501961 0.045955 0.041830
0 0.241264 0.545098 0.044040 0.015686
0 0.506462 0.337255 0.028722 0.041830
0 0.505505 0.394118 0.026807 0.040523
0 0.502633 0.451634 0.030637 0.035294
0 0.503112 0.502614 0.022020 0.037908
0 0.503112 0.544444 0.018191 0.016993
