0 0.155201 0.485748 0.012584 0.022565
0 0.156879 0.467043 0.012584 0.021971
0 0.153943 0.518409 0.009228 0.015439
0 0.156460 0.434382 0.014262 0.016033
0 0.154992 0.381235 0.007970 0.019002
0 0.155201 0.317102 0.010067 0.022565
0 0.155411 0.295131 0.012164 0.022565
0 0.156460 0.264549 0.009228 0.019596
0 0.156040 0.244062 0.010906 0.019002
0 0.166946 0.227732 0.013423 0.014846
0 0.181837 0.228622 0.015520 0.016627
0 0.253775 0.195368 0.026846 0.015439
0 0.284186 0.193884 0.012164 0.013658
0 0.330747 0.193884 0.027265 0.012470
0 0.361158 0.194477 0.013423 0.016033
0 0.407718 0.194181 0.026007 0.015439
0 0.479446 0.194477 0.014262 0.014846
0 0.492240 0.192696 0.012164 0.016033
0 0.515520 0.194477 0.015101 0.016033
0 0.546141 0.323931 0.007550 0.016033
0 0.334312 0.421021 0.024329 0.015439
0 0.319631 0.439133 0.009228 0.019596
0 0.321518 0.531176 0.014681 0.036223

