0 0.411913 0.410333 0.006711 0.001188
0 0.266569 0.349169 0.023909 0.002375
0 0.313968 0.346793 0.028943 0.003563
0 0.236997 0.399050 0.000000 0.039192
0 0.236158 0.496437 0.001678 0.020190
0 0.237206 0.445665 0.001258 0.021971
0 0.404362 0.623812 0.009228 0.002969
0 0.482383 0.617280 0.029362 0.016033
0 0.526846 0.622625 0.013423 0.010095
0 0.549706 0.622922 0.012164 0.014252
0 0.587458 0.619952 0.008809 0.015439
0 0.666946 0.619952 0.024329 0.015439
0 0.687500 0.586105 0.007550 0.021378
0 0.690227 0.522565 0.008809 0.017815
0 0.692114 0.489608 0.012584 0.023159
