0 0.143456 0.248812 0.054530 0.036817
0 0.144086 0.291865 0.059983 0.038599
0 0.144505 0.351841 0.059144 0.036223
0 0.142408 0.396378 0.061661 0.030285
0 0.142408 0.522268 0.058305 0.043349
0 0.144295 0.626188 0.048658 0.037411
0 0.144924 0.692399 0.059144 0.035629
0 0.143666 0.728622 0.060822 0.036817
0 0.139052 0.793052 0.051594 0.036223
0 0.483221 0.834026 0.037752 0.040974
0 0.479237 0.793646 0.049916 0.029097
0 0.485319 0.638955 0.051174 0.047506
0 0.498532 0.605107 0.036493 0.053444
0 0.521393 0.603919 0.026007 0.055819
0 0.170721 0.196556 0.031879 0.045131
0 0.203649 0.202494 0.025587 0.059382
0 0.331586 0.136876 0.029782 0.062352
0 0.360529 0.137470 0.030621 0.067102
0 0.406040 0.136283 0.028523 0.070665
0 0.485529 0.135095 0.030621 0.065914
0 0.513213 0.132720 0.027265 0.064727
