0 0.154572 0.245546 0.011326 0.024347
0 0.155831 0.297209 0.013842 0.018409
0 0.156669 0.316211 0.012164 0.019596
0 0.155411 0.383907 0.012164 0.019596
0 0.154572 0.433492 0.010487 0.017815
0 0.156879 0.466152 0.011745 0.021378
0 0.156250 0.486045 0.013842 0.016033
0 0.155201 0.514549 0.012584 0.008907
0 0.246435 0.192696 0.016359 0.016033
0 0.260067 0.192399 0.010906 0.015439
0 0.323826 0.192102 0.013423 0.014846
0 0.336409 0.192102 0.011745 0.016033
0 0.401636 0.191805 0.010487 0.013064
0 0.414639 0.191211 0.009648 0.013064
0 0.478607 0.191211 0.012584 0.017815
0 0.490772 0.190618 0.011745 0.015439
0 0.436451 0.192399 0.013003 0.010689
0 0.545931 0.321259 0.011326 0.021378
0 0.320470 0.530285 0.014262 0.040380
0 0.333683 0.420428 0.024748 0.017815
