0 0.245596 0.625000 0.022232 0.012470
0 0.286703 0.625000 0.020554 0.012470
0 0.328020 0.625594 0.017617 0.013658
0 0.368289 0.624406 0.017617 0.013658
0 0.408557 0.623219 0.017617 0.013658
0 0.510067 0.623219 0.017617 0.013658
0 0.548658 0.623219 0.017617 0.013658
0 0.591023 0.620843 0.017617 0.013658
0 0.631292 0.620843 0.017617 0.013658
0 0.669463 0.621437 0.017617 0.013658
0 0.204488 0.283551 0.022232 0.012470
0 0.245596 0.283551 0.022232 0.012470
0 0.285864 0.283551 0.022232 0.012470
0 0.329069 0.282363 0.022232 0.012470
0 0.368498 0.283551 0.022232 0.012470
0 0.408767 0.283551 0.022232 0.012470
0 0.506921 0.284739 0.022232 0.012470
0 0.549287 0.283551 0.022232 0.012470
0 0.588716 0.282363 0.022232 0.012470
0 0.629404 0.287114 0.022232 0.012470
0 0.711619 0.285926 0.022232 0.012470
0 0.808935 0.371734 0.008809 0.036817
0 0.807257 0.456948 0.013842 0.030285
0 0.807257 0.538895 0.012164 0.039786
