0 0.240982 0.730998 0.017198 0.013064
0 0.282089 0.733373 0.018876 0.015439
0 0.321099 0.731295 0.020554 0.011283
0 0.362206 0.732482 0.018876 0.010095
0 0.401636 0.730998 0.013842 0.007126
0 0.502727 0.732779 0.021393 0.008314
0 0.540898 0.731591 0.021393 0.008314
0 0.623951 0.729216 0.021393 0.008314
0 0.581166 0.730404 0.021393 0.008314
0 0.665059 0.730404 0.021393 0.008314
0 0.802013 0.640736 0.010906 0.039192
0 0.799497 0.562352 0.010906 0.039192
0 0.800336 0.478029 0.010906 0.039192
0 0.197777 0.391627 0.019715 0.008907
0 0.238884 0.388064 0.019715 0.008907
0 0.281669 0.388658 0.019715 0.008907
0 0.323196 0.392221 0.019715 0.008907
0 0.365143 0.391033 0.019715 0.008907
0 0.500629 0.389252 0.019715 0.008907
0 0.403733 0.389252 0.019715 0.008907
0 0.540059 0.389846 0.019715 0.008907
0 0.580327 0.389252 0.019715 0.008907
0 0.626049 0.390439 0.019715 0.008907
0 0.707424 0.390439 0.019715 0.008907
