0 0.248322 0.626188 0.023490 0.013658
0 0.286284 0.625000 0.022232 0.016033
0 0.328649 0.624703 0.021393 0.010689
0 0.367659 0.624109 0.021393 0.009501
0 0.407508 0.624109 0.024748 0.013064
0 0.509018 0.625297 0.021393 0.009501
0 0.548867 0.625297 0.021393 0.009501
0 0.589765 0.624703 0.021812 0.008314
0 0.629824 0.625000 0.022232 0.011283
0 0.672190 0.623812 0.023909 0.010095
0 0.808096 0.537708 0.008809 0.043349
0 0.807257 0.454869 0.010487 0.049881
0 0.807676 0.371437 0.009648 0.049287
0 0.710151 0.286223 0.026846 0.013064
0 0.630453 0.282957 0.026007 0.011283
0 0.589555 0.285036 0.023909 0.009501
0 0.548867 0.285333 0.025587 0.012470
0 0.507341 0.285333 0.022232 0.010095
0 0.368289 0.284442 0.022651 0.010689
0 0.327181 0.285333 0.020134 0.010095
0 0.285025 0.285333 0.020554 0.010095
