0 0.086902 0.443587 0.014274 0.032067
0 0.087741 0.409739 0.012594 0.035629
0 0.128044 0.215558 0.024349 0.008314
0 0.155751 0.219121 0.024349 0.013064
0 0.216205 0.215558 0.026029 0.008314
0 0.238875 0.216746 0.024349 0.008314
0 0.264064 0.217933 0.022670 0.008314
0 0.325777 0.214964 0.028547 0.014252
0 0.349286 0.216152 0.025189 0.011876
0 0.565071 0.216152 0.021830 0.009501
0 0.592359 0.216746 0.020991 0.017815
0 0.652813 0.213777 0.024349 0.009501
0 0.677582 0.216746 0.025189 0.008314
0 0.700672 0.214964 0.020991 0.014252
0 0.763224 0.216152 0.023510 0.011876
0 0.790932 0.215558 0.025189 0.020190
0 0.829975 0.413895 0.015953 0.036817
0 0.829975 0.443587 0.014274 0.024941
0 0.764484 0.608076 0.026029 0.011876
0 0.790932 0.605107 0.018472 0.015439
0 0.701511 0.607482 0.015953 0.010689
0 0.682200 0.608076 0.019312 0.014252
0 0.502939 0.568884 0.018472 0.011876
0 0.481528 0.567696 0.020991 0.016627
0 0.431990 0.567102 0.019312 0.010689
0 0.409740 0.567102 0.026868 0.008314
0 0.231738 0.606295 0.023510 0.013064
0 0.155332 0.606888 0.026868 0.011876
0 0.128463 0.608076 0.023510 0.011876
