0 0.655201 0.258907 0.001678 0.026128
0 0.656040 0.303444 0.000000 0.013064
0 0.656040 0.325416 0.000000 0.016627
0 0.654362 0.367577 0.003356 0.022565
0 0.576342 0.380641 0.001678 0.013064
0 0.432886 0.267815 0.000000 0.010689
0 0.379195 0.439430 0.003356 0.011876
0 0.379195 0.460214 0.000000 0.008314
0 0.380872 0.479810 0.003356 0.014252
0 0.139262 0.534442 0.000000 0.021378
0 0.139262 0.487530 0.000000 0.020190
0 0.139262 0.455463 0.000000 0.015439
0 0.218121 0.476841 0.003356 0.015439
0 0.140940 0.413302 0.003356 0.019002
0 0.219799 0.397862 0.003356 0.019002
0 0.138423 0.379454 0.001678 0.013064
0 0.139262 0.334917 0.000000 0.011876
0 0.140940 0.301663 0.000000 0.016627
0 0.139262 0.256532 0.000000 0.016627
0 0.218960 0.245249 0.001678 0.017815
0 0.218121 0.321259 0.000000 0.015439
0 0.575503 0.247031 0.000000 0.014252
