1 0.258186 0.534739 0.037783 0.036223
1 0.354954 0.490499 0.028128 0.049881
1 0.256717 0.313539 0.043241 0.049881
1 0.350546 0.275831 0.035264 0.056413
1 0.400294 0.297209 0.028967 0.065914
1 0.472082 0.345606 0.034005 0.049881
1 0.501889 0.326603 0.027288 0.051069
1 0.503359 0.279988 0.036104 0.039786
1 0.507137 0.517518 0.043661 0.037411
1 0.473132 0.571259 0.036104 0.036817
1 0.401553 0.529691 0.026448 0.042755
1 0.477960 0.650831 0.028128 0.043943
1 0.502309 0.598278 0.034005 0.027910
1 0.591100 0.529691 0.030227 0.034442
1 0.636020 0.531176 0.043661 0.048100
0 0.270991 0.595309 0.020571 0.046912
0 0.267842 0.464074 0.030227 0.063539
0 0.275189 0.366983 0.033165 0.048694
0 0.623006 0.438539 0.029387 0.054038
0 0.629513 0.384798 0.033165 0.045131
0 0.632662 0.319774 0.042821 0.045724
