0 0.269102 0.262470 0.024349 0.060570
0 0.273300 0.391033 0.029387 0.057601
0 0.270361 0.486342 0.036944 0.058195
0 0.272880 0.615499 0.031906 0.062352
0 0.269941 0.714964 0.024349 0.053444
0 0.484257 0.190024 0.049118 0.023753
0 0.666667 0.223278 0.042821 0.034442
0 0.654282 0.651425 0.044920 0.034442
0 0.620907 0.790380 0.023510 0.041568
1 0.266583 0.558789 0.060453 0.048694
1 0.258606 0.784145 0.041142 0.037411
1 0.354954 0.740499 0.028128 0.049881
1 0.403652 0.774347 0.028128 0.057007
1 0.471872 0.598278 0.047859 0.036223
1 0.352855 0.517221 0.032326 0.051069
1 0.401763 0.549287 0.028547 0.048694
1 0.258816 0.327494 0.039043 0.036223
1 0.354744 0.287411 0.030227 0.043943
1 0.403233 0.318587 0.025609 0.045724
1 0.474601 0.357185 0.039043 0.054038
1 0.500210 0.237827 0.038203 0.044537
1 0.587112 0.170724 0.028128 0.045724
1 0.542821 0.408254 0.029387 0.056413
1 0.661419 0.403504 0.024769 0.040974
1 0.679471 0.440024 0.027288 0.051069
1 0.633081 0.707245 0.040302 0.035629
1 0.503778 0.761876 0.047019 0.040380
