0 0.227750 0.605404 0.007137 0.026722
0 0.229429 0.540083 0.012175 0.025534
0 0.228170 0.491093 0.007976 0.017815
0 0.229009 0.425772 0.007976 0.027316
0 0.227330 0.376485 0.007976 0.022565
0 0.228799 0.312945 0.006717 0.027316
0 0.227540 0.263658 0.006717 0.023753
0 0.227960 0.199525 0.005877 0.023753
0 0.338161 0.164192 0.021411 0.011283
0 0.428421 0.181710 0.013854 0.010689
0 0.609362 0.199228 0.007976 0.020784
0 0.608942 0.264252 0.004618 0.022565
0 0.607263 0.296615 0.005458 0.025534
0 0.608732 0.361045 0.006717 0.027316
0 0.471243 0.398456 0.021411 0.010689
0 0.422754 0.397565 0.020151 0.012470
0 0.405961 0.467043 0.006717 0.017221
0 0.405751 0.502078 0.007137 0.025534
0 0.408060 0.530582 0.013434 0.025534
