0 0.209732 0.681413 0.021812 0.010095
0 0.267198 0.682304 0.027685 0.011876
0 0.296141 0.682601 0.026007 0.011283
0 0.323826 0.681710 0.026846 0.009501
0 0.353398 0.682304 0.022232 0.014252
0 0.382131 0.680226 0.026007 0.016033
0 0.410025 0.680819 0.024748 0.017221
0 0.438758 0.680523 0.023490 0.010689
0 0.495386 0.679632 0.019295 0.010095
0 0.552852 0.680819 0.022651 0.011283
0 0.608851 0.682007 0.023909 0.011283
0 0.638423 0.681116 0.020973 0.013064
0 0.632550 0.277019 0.028523 0.016033
0 0.572148 0.280285 0.049497 0.007126
0 0.519295 0.277910 0.024329 0.011876
0 0.324874 0.275534 0.049916 0.007126
0 0.380453 0.271378 0.050336 0.004751
