0 0.241820 0.668943 0.023909 0.014846
0 0.276216 0.668943 0.043205 0.007720
0 0.367240 0.668943 0.030621 0.012470
0 0.436451 0.665974 0.028104 0.016033
0 0.505034 0.666568 0.029362 0.014846
0 0.603188 0.665974 0.040268 0.011283
0 0.635067 0.668349 0.017617 0.013658
0 0.671560 0.667458 0.026846 0.020190
0 0.675336 0.266033 0.015940 0.010689
0 0.618498 0.266330 0.028104 0.008907
0 0.565856 0.265736 0.029362 0.010095
0 0.501468 0.264549 0.034815 0.012470
0 0.437500 0.264549 0.029362 0.010095
0 0.371644 0.266627 0.028523 0.005938
0 0.307886 0.265736 0.026007 0.007720
0 0.258389 0.266924 0.030201 0.008907
0 0.222106 0.429038 0.007970 0.040974
0 0.221896 0.509501 0.010906 0.039192
