0 0.236367 0.265439 0.021393 0.014252
0 0.298029 0.267518 0.027265 0.010095
0 0.348574 0.266330 0.029362 0.012470
0 0.407089 0.266627 0.031460 0.008314
0 0.477349 0.269002 0.029362 0.009501
0 0.547190 0.268112 0.032299 0.011283
0 0.602139 0.266033 0.027265 0.015439
0 0.656879 0.266033 0.027685 0.010689
0 0.687710 0.437945 0.010487 0.048100
0 0.689388 0.503563 0.008809 0.038005
0 0.640520 0.667162 0.042785 0.011283
0 0.672609 0.668349 0.018037 0.013658
0 0.541317 0.665974 0.026426 0.013658
0 0.474413 0.663005 0.030201 0.010095
0 0.409186 0.667755 0.030621 0.014846
0 0.312500 0.665974 0.041946 0.013658
0 0.278943 0.667162 0.014262 0.016033
0 0.241820 0.666271 0.034815 0.020190
