0 0.126258 0.277910 0.015940 0.024941
0 0.153523 0.278504 0.015940 0.020190
0 0.182466 0.278504 0.018456 0.023753
0 0.250839 0.279394 0.018456 0.021971
0 0.215604 0.278207 0.018456 0.021971
0 0.279362 0.278207 0.018456 0.021971
0 0.305789 0.278207 0.018456 0.021971
0 0.336409 0.277019 0.018456 0.021971
0 0.364513 0.275831 0.018456 0.021971
0 0.395973 0.277019 0.018456 0.021971
0 0.429530 0.277019 0.018456 0.021971
0 0.461829 0.277613 0.018456 0.021971
0 0.515520 0.278800 0.018456 0.021971
0 0.492450 0.276425 0.018456 0.021971
0 0.126258 0.333729 0.015940 0.032067
0 0.155411 0.333729 0.025587 0.028504
0 0.180789 0.334917 0.011745 0.026128
0 0.250629 0.336401 0.026426 0.031473
0 0.280831 0.337886 0.026426 0.032067
0 0.336829 0.337292 0.025168 0.035629
0 0.365772 0.338480 0.024329 0.041568
0 0.490562 0.337886 0.024748 0.036817
0 0.520763 0.338777 0.026426 0.038599
0 0.713507 0.246437 0.015940 0.021378
0 0.741611 0.243765 0.018456 0.024347
0 0.676594 0.338480 0.011745 0.016627
0 0.689597 0.338777 0.010906 0.013658
0 0.705117 0.337292 0.013423 0.014252
0 0.719799 0.337589 0.014262 0.013658
0 0.734899 0.338777 0.014262 0.016033
0 0.749161 0.338480 0.014262 0.016627
0 0.762164 0.337292 0.013423 0.023753
0 0.777265 0.339371 0.013423 0.017221
0 0.110319 0.643112 0.010906 0.021378
0 0.126888 0.644299 0.022232 0.021378
0 0.143876 0.643112 0.011745 0.021378
0 0.173448 0.645190 0.021393 0.025534
0 0.207424 0.645487 0.019715 0.023753
0 0.241611 0.644596 0.015940 0.026722
0 0.275168 0.643112 0.014262 0.026128
0 0.292576 0.644299 0.020554 0.016627
0 0.309144 0.645190 0.010906 0.027910
0 0.322567 0.644299 0.014262 0.021378
0 0.336619 0.643705 0.022232 0.017815
0 0.355705 0.644893 0.015940 0.015439
0 0.385696 0.644002 0.022232 0.030285
0 0.421141 0.646971 0.015101 0.029097
0 0.453020 0.645190 0.014262 0.025534
0 0.113674 0.701306 0.014262 0.026128
0 0.128775 0.700119 0.014262 0.026128
0 0.143876 0.698931 0.014262 0.026128
0 0.156460 0.700119 0.014262 0.026128
0 0.272232 0.698931 0.014262 0.026128
0 0.286493 0.700119 0.014262 0.026128
0 0.299916 0.700119 0.014262 0.026128
0 0.328859 0.698931 0.014262 0.026128
0 0.342701 0.701306 0.014262 0.026128
0 0.357802 0.700119 0.014262 0.026128
0 0.370386 0.697743 0.014262 0.026128
0 0.386326 0.701900 0.014262 0.026128
0 0.401426 0.699525 0.014262 0.026128
0 0.415688 0.700713 0.014262 0.026128
0 0.442534 0.699525 0.014262 0.026128
0 0.472315 0.699525 0.014262 0.026128
0 0.498742 0.699525 0.014262 0.026128
0 0.512584 0.701900 0.014262 0.026128
0 0.729446 0.644893 0.014262 0.022565
0 0.753565 0.644002 0.021393 0.030285
