0 0.213507 0.331057 0.012584 0.037411
0 0.213507 0.375000 0.012584 0.037411
0 0.213507 0.418349 0.012584 0.037411
0 0.213507 0.456948 0.012584 0.037411
0 0.213926 0.496140 0.012584 0.037411
0 0.213087 0.538895 0.012584 0.037411
0 0.213087 0.575119 0.012584 0.037411
0 0.212248 0.623812 0.012584 0.037411
0 0.238045 0.674881 0.032299 0.018409
0 0.611787 0.675475 0.032299 0.018409
0 0.268247 0.672506 0.032299 0.018409
0 0.293834 0.671318 0.032299 0.018409
0 0.326133 0.671318 0.032299 0.018409
0 0.550545 0.674287 0.032299 0.018409
0 0.581586 0.672506 0.032299 0.018409
0 0.667576 0.676069 0.032299 0.018409
