0 0.233641 0.668646 0.029362 0.010689
0 0.266149 0.668646 0.026426 0.014252
0 0.291946 0.669240 0.023490 0.015439
0 0.319841 0.670131 0.024748 0.013658
0 0.550545 0.668052 0.021393 0.017815
0 0.576762 0.669537 0.023490 0.012470
0 0.604237 0.668646 0.023070 0.008314
0 0.662332 0.670724 0.022651 0.012470
0 0.240352 0.270784 0.048658 0.016627
0 0.297399 0.268112 0.049497 0.011283
0 0.436451 0.265439 0.050755 0.016627
0 0.498951 0.266924 0.025587 0.011283
0 0.549497 0.267518 0.046980 0.010095
0 0.605705 0.267518 0.053691 0.006532
