0 0.217911 0.587292 0.039010 0.019002
0 0.285235 0.588480 0.041107 0.016627
0 0.354446 0.586401 0.042785 0.023159
0 0.639262 0.585808 0.035235 0.021971
0 0.709941 0.588480 0.033977 0.010689
0 0.779362 0.587292 0.036074 0.019002
0 0.924077 0.430523 0.017617 0.051069
0 0.925755 0.354513 0.012584 0.061758
0 0.074035 0.426960 0.018876 0.041568
0 0.072567 0.350950 0.019295 0.035629
0 0.220847 0.186758 0.037332 0.019596
0 0.415478 0.189430 0.033977 0.019002
0 0.582215 0.186758 0.030201 0.013658
0 0.778943 0.190024 0.042785 0.017815
