0 0.081376 0.575416 0.025168 0.015439
0 0.110948 0.578385 0.026426 0.009501
0 0.139891 0.578979 0.023070 0.010689
0 0.167576 0.578979 0.026426 0.010689
0 0.397441 0.576010 0.025587 0.010689
0 0.426174 0.576603 0.026007 0.009501
0 0.454069 0.577494 0.027265 0.011283
0 0.513003 0.576010 0.030201 0.019002
0 0.540898 0.578088 0.025587 0.014846
0 0.569421 0.576010 0.026426 0.016627
0 0.597106 0.574822 0.026426 0.016627
0 0.624371 0.574822 0.026426 0.016627
0 0.883599 0.575416 0.026426 0.016627
0 0.654153 0.571259 0.026426 0.016627
0 0.681418 0.570071 0.026426 0.016627
0 0.738884 0.574228 0.026426 0.016627
0 0.797609 0.574228 0.026426 0.016627
0 0.854237 0.574228 0.026426 0.016627
