0 0.079069 0.541865 0.010487 0.036223
0 0.079069 0.253266 0.010487 0.036223
0 0.079069 0.297803 0.010487 0.036223
0 0.078230 0.375000 0.010487 0.036223
0 0.078230 0.423100 0.010487 0.036223
0 0.078230 0.463480 0.010487 0.036223
0 0.079069 0.500891 0.010487 0.036223
0 0.101300 0.598872 0.022232 0.012470
0 0.129824 0.597684 0.022232 0.012470
0 0.157928 0.596496 0.022232 0.012470
0 0.190227 0.595309 0.022232 0.012470
0 0.415898 0.597090 0.022232 0.012470
0 0.446518 0.595903 0.022232 0.012470
0 0.474622 0.595903 0.022232 0.012470
0 0.530411 0.595903 0.022232 0.012470
0 0.561871 0.594121 0.022232 0.012470
0 0.615562 0.600059 0.022232 0.012470
0 0.644924 0.598872 0.022232 0.012470
0 0.673448 0.597684 0.022232 0.012470
0 0.702810 0.596496 0.022232 0.012470
0 0.730495 0.595309 0.022232 0.012470
0 0.846686 0.594121 0.022232 0.012470
0 0.785445 0.592933 0.022232 0.012470
0 0.820260 0.592933 0.022232 0.012470
0 0.899119 0.592933 0.022232 0.012470
0 0.873951 0.591746 0.022232 0.012470
