0 0.248112 0.489014 0.009648 0.039786
0 0.248112 0.447743 0.006292 0.020190
0 0.247273 0.394299 0.009648 0.036817
0 0.269715 0.347981 0.029362 0.017815
0 0.316065 0.350356 0.034815 0.020190
0 0.348154 0.392815 0.011745 0.026722
0 0.415059 0.413895 0.039849 0.015439
0 0.452601 0.412708 0.026007 0.015439
0 0.525168 0.413599 0.026846 0.012470
0 0.565436 0.413599 0.030201 0.010095
0 0.635067 0.411223 0.026846 0.014846
0 0.695260 0.507126 0.011326 0.060570
0 0.695680 0.585808 0.008809 0.027910
0 0.671980 0.619062 0.031040 0.013658
0 0.601091 0.619062 0.030201 0.011283
0 0.546141 0.618468 0.043624 0.012470
0 0.488674 0.617874 0.026846 0.013658
0 0.417366 0.619062 0.030201 0.008907
0 0.331586 0.619062 0.026426 0.008907
