1 0.359362 0.701306 0.016793 0.015439
1 0.455919 0.701900 0.020151 0.019002
1 0.515533 0.699525 0.023510 0.023753
1 0.604534 0.700119 0.020151 0.022565
1 0.701511 0.701306 0.019312 0.024941
1 0.742653 0.567102 0.010915 0.022565
1 0.356843 0.419240 0.018472 0.021378
2 0.374055 0.419834 0.015953 0.022565
2 0.376154 0.698931 0.015113 0.020190
2 0.473132 0.702494 0.014274 0.020190
2 0.532746 0.700119 0.015953 0.020190
2 0.546599 0.697743 0.013434 0.020190
2 0.562552 0.698337 0.016793 0.019002
2 0.623006 0.698337 0.016793 0.021378
2 0.719983 0.701306 0.017632 0.027316
