0 0.316695 0.348575 0.027685 0.019002
0 0.349832 0.388955 0.013423 0.041568
0 0.384648 0.438836 0.015101 0.017815
0 0.415898 0.412114 0.044044 0.023753
0 0.455537 0.410036 0.028523 0.023159
0 0.525587 0.412114 0.026007 0.016627
0 0.563968 0.412114 0.023909 0.019002
0 0.634018 0.412708 0.023070 0.020190
0 0.695260 0.504751 0.009648 0.053444
0 0.696938 0.586105 0.009648 0.019002
0 0.671560 0.621140 0.025168 0.017815
0 0.598993 0.620249 0.026007 0.013658
0 0.543834 0.617874 0.037332 0.016033
0 0.486577 0.619656 0.027685 0.012470
0 0.415478 0.619359 0.026426 0.016627
0 0.329279 0.620249 0.011745 0.011283
0 0.264262 0.619656 0.013423 0.012470
