2 0.295550 0.309382 0.015113 0.017815
1 0.277918 0.309382 0.016793 0.027316
0 0.325777 0.360451 0.010076 0.041568
1 0.406801 0.391924 0.015953 0.023753
2 0.424433 0.393112 0.017632 0.016627
2 0.793031 0.480404 0.012594 0.029691
2 0.793871 0.506532 0.012594 0.015439
2 0.793871 0.521378 0.015953 0.019002
2 0.790932 0.604513 0.010076 0.023753
2 0.792611 0.630641 0.011755 0.019002
2 0.767422 0.671615 0.011755 0.008314
2 0.671704 0.673990 0.013434 0.013064
2 0.522250 0.672209 0.013434 0.011876
2 0.427792 0.672209 0.017632 0.014252
2 0.612510 0.673397 0.015953 0.011876
2 0.594878 0.674584 0.014274 0.014252
2 0.578925 0.675772 0.014274 0.019002
1 0.793031 0.544537 0.014274 0.027316
1 0.750210 0.674584 0.022670 0.019002
1 0.654492 0.676366 0.019312 0.020190
1 0.506297 0.671615 0.016793 0.022565
1 0.407221 0.673397 0.018472 0.023753
