2 0.323826 0.347981 0.011745 0.009501
2 0.348784 0.389846 0.009648 0.043349
2 0.415059 0.410926 0.012164 0.010689
2 0.423867 0.622031 0.014681 0.013658
2 0.494966 0.622328 0.009228 0.013064
2 0.544253 0.618171 0.009648 0.014252
2 0.606544 0.619656 0.016779 0.013658
2 0.679320 0.619656 0.012164 0.017221
2 0.697567 0.584917 0.010906 0.019002
2 0.694841 0.504157 0.005453 0.019002
1 0.309564 0.346200 0.013423 0.016627
1 0.402685 0.410333 0.011745 0.020190
1 0.427852 0.410036 0.012584 0.019596
1 0.697987 0.521971 0.015101 0.016627
1 0.698826 0.485154 0.015101 0.014252
1 0.665688 0.625297 0.013423 0.023753
1 0.530621 0.627375 0.014262 0.025534
1 0.556628 0.625891 0.012584 0.022565
1 0.591233 0.631829 0.012164 0.039192
1 0.409396 0.626188 0.012584 0.032660
