1 0.239715 0.701306 0.012594 0.013064
2 0.273300 0.700119 0.010915 0.013064
1 0.296809 0.702494 0.020991 0.017815
1 0.343829 0.702494 0.022670 0.022565
2 0.321159 0.700713 0.015953 0.016627
2 0.226280 0.657957 0.014274 0.021378
2 0.225861 0.490499 0.008396 0.023753
2 0.270361 0.448337 0.011755 0.017815
2 0.316961 0.445962 0.007557 0.008314
1 0.225021 0.596200 0.015113 0.028504
1 0.225021 0.549881 0.011755 0.033254
1 0.239715 0.445368 0.014274 0.019002
1 0.344249 0.446556 0.025189 0.021378
1 0.382452 0.444774 0.014274 0.017815
1 0.541562 0.443587 0.033585 0.022565
1 0.683879 0.440618 0.012594 0.011876
1 0.772880 0.444181 0.022670 0.019002
2 0.748111 0.447150 0.013434 0.013064
2 0.801847 0.444774 0.015113 0.017815
2 0.841730 0.516627 0.005877 0.026128
1 0.827036 0.443587 0.021830 0.017815
1 0.844668 0.551069 0.011755 0.030879
1 0.844249 0.594418 0.012594 0.032067
2 0.843409 0.657957 0.007557 0.021378
2 0.420235 0.715558 0.024349 0.015439
2 0.749370 0.701306 0.014274 0.017815
2 0.803946 0.698931 0.010915 0.013064
1 0.827456 0.703088 0.022670 0.016627
1 0.774559 0.703682 0.022670 0.022565
1 0.725861 0.702494 0.019312 0.022565
1 0.547859 0.719715 0.012594 0.019002
1 0.476910 0.716152 0.023510 0.016627
1 0.445424 0.717933 0.014274 0.017815
