0 0.104866 0.330760 0.015940 0.039192
0 0.131292 0.328385 0.016779 0.039192
0 0.164220 0.330463 0.023909 0.040974
0 0.187919 0.331057 0.012584 0.039786
0 0.212458 0.330463 0.018876 0.035036
0 0.255872 0.332542 0.012584 0.036817
0 0.107173 0.403800 0.025587 0.040380
0 0.133389 0.400831 0.012584 0.039192
0 0.161284 0.403207 0.023070 0.039192
0 0.188339 0.402019 0.011745 0.041568
0 0.254195 0.402019 0.015101 0.041568
0 0.399958 0.403800 0.023909 0.042755
0 0.569841 0.401128 0.010487 0.035036
0 0.610948 0.407363 0.024748 0.042755
0 0.635487 0.403207 0.016779 0.039192
0 0.660445 0.404394 0.022232 0.036817
0 0.684983 0.406770 0.014262 0.036817
0 0.718331 0.406473 0.009648 0.032660
0 0.161074 0.700713 0.012584 0.035629
0 0.206166 0.698337 0.022232 0.038005
0 0.258809 0.699525 0.024329 0.040380
0 0.284815 0.701306 0.013423 0.032067
0 0.159815 0.773753 0.013423 0.035629
0 0.206166 0.774941 0.022232 0.040380
0 0.239304 0.772565 0.017198 0.040380
0 0.267198 0.776425 0.014262 0.043349
0 0.581795 0.700713 0.011745 0.033254
0 0.582844 0.776425 0.013003 0.037411
0 0.607383 0.699525 0.021812 0.035629
0 0.648070 0.700713 0.011745 0.033254
