0 0.239715 0.446556 0.015953 0.026128
0 0.269102 0.449525 0.017632 0.017815
0 0.296390 0.447150 0.023510 0.020190
0 0.319479 0.448337 0.014274 0.020190
0 0.344249 0.444181 0.028547 0.030879
0 0.384551 0.447150 0.020151 0.020190
0 0.226700 0.489905 0.015113 0.022565
0 0.226700 0.548100 0.018472 0.036817
0 0.228380 0.600356 0.025189 0.029691
0 0.228799 0.656176 0.012594 0.024941
0 0.239715 0.703682 0.017632 0.017815
0 0.270361 0.701900 0.015113 0.023753
0 0.298069 0.703088 0.023510 0.021378
0 0.318640 0.703088 0.017632 0.016627
0 0.343409 0.704276 0.025189 0.028504
0 0.759446 0.448931 0.051217 0.030879
0 0.814022 0.447150 0.051217 0.022565
0 0.844249 0.543943 0.022670 0.042755
0 0.851805 0.598575 0.037783 0.042755
0 0.842569 0.657363 0.015953 0.029691
0 0.722082 0.701306 0.028547 0.027316
0 0.773720 0.703088 0.022670 0.019002
0 0.803946 0.700713 0.015953 0.014252
0 0.828296 0.700713 0.024349 0.033254
0 0.541562 0.442993 0.036944 0.028504
0 0.679681 0.442399 0.019312 0.027316
0 0.544500 0.715558 0.015953 0.027316
0 0.477330 0.716746 0.027708 0.024941
0 0.445844 0.716152 0.011755 0.021378
0 0.418556 0.713777 0.029387 0.026128
