1 0.161913 0.406176 0.012584 0.015439
2 0.194002 0.407957 0.011326 0.010689
1 0.220008 0.405285 0.020554 0.017221
1 0.268247 0.406176 0.019715 0.016627
1 0.309983 0.404394 0.010906 0.015439
2 0.242659 0.408848 0.012164 0.011283
2 0.145973 0.452791 0.008389 0.017221
1 0.479027 0.402910 0.020134 0.018409
1 0.144505 0.514252 0.012164 0.030879
1 0.143456 0.565914 0.012584 0.030879
1 0.160864 0.676366 0.016359 0.019002
1 0.219169 0.678444 0.021393 0.025534
1 0.243498 0.676366 0.012164 0.027316
1 0.268037 0.676663 0.024329 0.027910
2 0.194841 0.674287 0.014681 0.023159
2 0.348784 0.690618 0.023909 0.021378
1 0.478607 0.688242 0.018456 0.017815
1 0.407089 0.688539 0.024748 0.023159
1 0.374581 0.688539 0.015101 0.018409
1 0.666737 0.681116 0.027265 0.032067
1 0.716233 0.682304 0.024748 0.028504
1 0.773700 0.677257 0.022232 0.029097
1 0.791107 0.561461 0.012584 0.032660
1 0.791107 0.516924 0.012584 0.031473
1 0.770554 0.401425 0.025168 0.022565
1 0.713926 0.403800 0.027685 0.027316
1 0.623532 0.404394 0.021393 0.019002
2 0.690017 0.679632 0.011745 0.031473
2 0.747903 0.681413 0.013423 0.030285
2 0.795302 0.629454 0.024329 0.019002
2 0.688758 0.401722 0.014262 0.024347
2 0.147651 0.627969 0.012584 0.019596
