0 0.304320 0.464964 0.014681 0.040380
0 0.334941 0.463777 0.014681 0.040380
0 0.387374 0.463777 0.014681 0.040380
0 0.571938 0.392518 0.014681 0.040380
0 0.645344 0.392518 0.014681 0.040380
0 0.678482 0.391330 0.014681 0.040380
0 0.890310 0.392518 0.014681 0.040380
0 0.832844 0.391330 0.014681 0.040380
0 0.891149 0.461401 0.014681 0.040380
0 0.832005 0.465558 0.014681 0.040380
0 0.361367 0.466152 0.025587 0.042755
0 0.492240 0.391924 0.025587 0.042755
0 0.616401 0.390736 0.025587 0.042755
0 0.809354 0.392518 0.025587 0.042755
0 0.767827 0.391330 0.025587 0.042755
0 0.807676 0.463183 0.025587 0.042755
0 0.858851 0.388955 0.025587 0.042755
0 0.855914 0.460808 0.025587 0.042755
0 0.913800 0.464964 0.025587 0.042755
0 0.915898 0.391924 0.025587 0.042755
0 0.549706 0.390736 0.025587 0.042755
0 0.411703 0.463777 0.025587 0.042755
0 0.492450 0.459620 0.024329 0.026128
0 0.546560 0.458432 0.024329 0.026128
0 0.518247 0.459323 0.015520 0.023159
0 0.623951 0.459323 0.015520 0.023159
