2 0.433096 0.684382 0.010487 0.012470
2 0.745176 0.669537 0.016359 0.012470
2 0.791107 0.625891 0.010906 0.022565
2 0.747273 0.404394 0.014681 0.017815
2 0.692114 0.671615 0.012584 0.015439
2 0.374371 0.682601 0.010487 0.008907
1 0.475252 0.688242 0.023490 0.017815
1 0.349832 0.687352 0.024329 0.016033
1 0.406460 0.684679 0.025168 0.023753
1 0.504195 0.638955 0.011745 0.017815
1 0.621644 0.639549 0.023490 0.019002
1 0.666317 0.670428 0.026426 0.020190
1 0.772861 0.673397 0.022232 0.023753
1 0.791107 0.560273 0.012584 0.035036
1 0.774329 0.404988 0.012584 0.015439
1 0.715814 0.403800 0.020554 0.020190
1 0.667156 0.400238 0.023070 0.020190
1 0.624790 0.402316 0.013003 0.014846
1 0.791107 0.486639 0.014262 0.033848
1 0.714346 0.671021 0.025168 0.023753
2 0.535864 0.637470 0.021393 0.020784
2 0.788171 0.450416 0.011745 0.025534
